426 , 539
333 , 474
253 , 137
330 , 802
340 , 740
134 , 230
186 , 5
375 , 140
283 , 413
342 , 177
379 , 622
308 , 882
439 , 953
408 , 692
3 , 820
90 , 39
244 , 223
543 , 549
58 , 74
161 , 409
362 , 891
554 , 429
33 , 380
563 , 841
310 , 859
445 , 695
35 , 555
283 , 314
303 , 814
529 , 61
438 , 657
62 , 734
336 , 596
441 , 359
279 , 194
437 , 628
110 , 919
342 , 422
142 , 851
321 , 53
181 , 9
81 , 856
573 , 133
534 , 11
389 , 42
279 , 242
444 , 19
132 , 555
553 , 611
303 , 52
490 , 117
93 , 247
572 , 462
510 , 991
176 , 947
135 , 53
37 , 87
135 , 16
497 , 310
301 , 91
449 , 977
78 , 693
142 , 76
371 , 849
108 , 42
487 , 33
570 , 294
387 , 749
307 , 143
197 , 55
269 , 342
227 , 596
157 , 668
382 , 392
521 , 783
572 , 780
436 , 870
202 , 342
539 , 400
475 , 561
226 , 215
511 , 475
526 , 420
593 , 333
443 , 280
124 , 68
332 , 590
118 , 631
266 , 924
216 , 723
471 , 370
476 , 902
97 , 432
312 , 823
273 , 711
541 , 652
564 , 64
353 , 403
406 , 874
443 , 985
6 , 511
352 , 852
515 , 695
117 , 675
162 , 804
126 , 658
511 , 559
209 , 635
279 , 399
407 , 245
104 , 99
449 , 545
466 , 237
113 , 662
147 , 527
478 , 200
141 , 769
206 , 222
579 , 621
143 , 569
238 , 152
388 , 713
544 , 367
111 , 274
392 , 361
95 , 621
461 , 94
153 , 434
520 , 80
297 , 877
331 , 850
513 , 251
50 , 500
47 , 521
205 , 519
463 , 575
375 , 299
265 , 5
465 , 365
578 , 953
409 , 741
304 , 343
584 , 346
288 , 120
392 , 46
253 , 536
107 , 168
181 , 95
293 , 739
216 , 928
573 , 464
31 , 800
256 , 581
446 , 277
439 , 592
563 , 15
114 , 3
444 , 172
361 , 100
49 , 203
217 , 676
393 , 527
116 , 633
363 , 511
394 , 577
495 , 329
144 , 704
312 , 354
561 , 211
358 , 530
350 , 981
458 , 83
97 , 77
0 , 570
394 , 283
235 , 746
445 , 563
47 , 508
202 , 555
497 , 684
349 , 826
293 , 181
427 , 935
301 , 788
330 , 633
342 , 751
173 , 932
391 , 846
492 , 38
75 , 693
595 , 4
517 , 377
541 , 35
494 , 865
69 , 33
14 , 301
256 , 62
244 , 149
280 , 44
347 , 987
565 , 423
384 , 967
210 , 414
342 , 464
267 , 874
14 , 268
134 , 655
519 , 341
457 , 506
435 , 800
359 , 124
465 , 646
102 , 641
577 , 466
145 , 475
427 , 482
98 , 120
391 , 109
513 , 373
24 , 410
152 , 487
351 , 953
487 , 154
472 , 614
516 , 620
504 , 820
202 , 140
58 , 692
552 , 722
513 , 674
456 , 729
519 , 514
282 , 983
97 , 958
10 , 975
510 , 954
99 , 120
438 , 616
171 , 551
483 , 441
429 , 347
99 , 843
296 , 662
145 , 584
371 , 64
309 , 233
516 , 853
114 , 247
417 , 886
201 , 115
577 , 494
279 , 885
293 , 232
557 , 631
65 , 271
436 , 151
542 , 508
15 , 898
578 , 474
430 , 13
464 , 426
140 , 558
443 , 791
535 , 508
125 , 959
61 , 794
30 , 29
451 , 371
422 , 385
252 , 117
482 , 274
536 , 657
23 , 359
298 , 878
574 , 346
590 , 356
468 , 156
386 , 31
490 , 540
257 , 176
126 , 355
426 , 353
215 , 134
98 , 986
221 , 991
583 , 935
477 , 261
205 , 860
107 , 332
32 , 832
538 , 574
531 , 467
288 , 903
79 , 659
371 , 481
248 , 934
251 , 898
538 , 631
46 , 583
55 , 629
333 , 655
453 , 562
229 , 517
544 , 714
465 , 865
510 , 566
15 , 68
207 , 679
487 , 499
69 , 759
544 , 379
140 , 42
492 , 160
357 , 323
397 , 135
301 , 70
471 , 449
527 , 923
269 , 782
299 , 166
130 , 601
42 , 14
45 , 737
438 , 294
514 , 808
463 , 870
234 , 191
398 , 678
79 , 914
398 , 581
11 , 372
278 , 468
563 , 546
481 , 971
92 , 100
63 , 438
130 , 471
559 , 202
96 , 905
14 , 948
405 , 87
71 , 359
159 , 764
477 , 795
231 , 669
297 , 361
486 , 761
248 , 917
154 , 176
295 , 463
469 , 95
165 , 121
35 , 419
411 , 667
277 , 963
119 , 78
360 , 169
299 , 181
245 , 193
225 , 54
390 , 397
540 , 565
422 , 270
259 , 46
403 , 189
546 , 48
90 , 66
521 , 202
110 , 128
388 , 473
409 , 962
56 , 442
111 , 119
209 , 300
45 , 925
32 , 290
269 , 276
207 , 386
453 , 391
328 , 279
146 , 836
13 , 3
428 , 1
580 , 5
467 , 44
288 , 665
471 , 25
85 , 765
532 , 901
380 , 476
119 , 276
502 , 438
430 , 522
502 , 206
59 , 607
21 , 895
319 , 66
184 , 838
119 , 467
113 , 346
89 , 337
413 , 290
401 , 753
268 , 273
318 , 51
193 , 432
403 , 140
419 , 132
164 , 762
445 , 64
221 , 394
112 , 267
337 , 406
363 , 413
86 , 714
526 , 567
512 , 48
431 , 910
344 , 30
225 , 801
89 , 961
537 , 478
338 , 556
18 , 919
239 , 402
231 , 194
131 , 897
287 , 65
259 , 481
454 , 471
308 , 221
213 , 77
280 , 998
429 , 805
357 , 22
55 , 15
528 , 76
208 , 331
305 , 995
594 , 286
28 , 651
518 , 120
494 , 15
116 , 277
541 , 134
311 , 936
329 , 492
188 , 472
216 , 621
509 , 181
125 , 450
537 , 568
35 , 18
324 , 994
139 , 386
377 , 975
163 , 197
402 , 325
261 , 128
480 , 421
123 , 654
218 , 377
166 , 957
305 , 672
110 , 231
287 , 534
245 , 168
234 , 7
195 , 681
60 , 897
525 , 188
85 , 132
275 , 708
491 , 497
40 , 901
261 , 741
471 , 44
250 , 532
423 , 18
91 , 337
101 , 283
499 , 703
181 , 31
477 , 638
364 , 741
5 , 582
335 , 432
402 , 630
57 , 572
467 , 182
335 , 397
387 , 784
336 , 310
404 , 454
264 , 122
428 , 888
355 , 69
497 , 577
591 , 423
292 , 825
521 , 926
252 , 385
111 , 315
237 , 430
342 , 450
51 , 977
549 , 699
220 , 647
403 , 378
16 , 654
5 , 378
8 , 335
301 , 247
92 , 369
173 , 993
123 , 973
459 , 834
397 , 554
127 , 464
559 , 731
340 , 356
327 , 678
298 , 996
163 , 989
60 , 53
95 , 952
323 , 421
187 , 310
215 , 355
47 , 968
151 , 815
126 , 125
244 , 847
520 , 321
232 , 484
126 , 254
292 , 997
80 , 685
598 , 223
34 , 957
562 , 903
422 , 648
454 , 933
44 , 698
147 , 497
43 , 719
524 , 150
109 , 724
483 , 66
318 , 225
223 , 560
113 , 796
63 , 686
395 , 299
158 , 118
545 , 276
495 , 597
225 , 828
323 , 458
324 , 631
184 , 819
282 , 577
152 , 391
76 , 192
86 , 803
253 , 291
281 , 633
564 , 278
79 , 878
132 , 305
502 , 245
112 , 810
575 , 338
526 , 239
414 , 153
577 , 607
460 , 934
22 , 144
572 , 583
56 , 805
203 , 591
235 , 785
599 , 684
468 , 566
74 , 248
201 , 662
410 , 648
44 , 34
523 , 55
489 , 285
596 , 824
589 , 20
594 , 741
198 , 17
86 , 377
503 , 118
155 , 100
268 , 846
163 , 581
552 , 60
2 , 128
462 , 264
422 , 661
230 , 389
500 , 355
390 , 588
65 , 936
254 , 94
149 , 680
359 , 717
464 , 445
208 , 909
250 , 641
10 , 899
563 , 198
21 , 596
320 , 714
95 , 508
250 , 649
274 , 163
457 , 755
342 , 749
39 , 292
258 , 373
560 , 529
109 , 156
62 , 897
212 , 293
272 , 972
358 , 727
231 , 394
504 , 792
516 , 957
109 , 893
40 , 79
491 , 199
480 , 245
327 , 947
432 , 471
282 , 160
202 , 246
524 , 116
273 , 580
28 , 251
585 , 480
227 , 159
561 , 693
229 , 297
264 , 782
177 , 328
447 , 584
178 , 242
588 , 33
274 , 455
469 , 803
313 , 323
406 , 141
140 , 424
104 , 183
314 , 548
15 , 614
204 , 154
367 , 852
444 , 240
270 , 75
181 , 680
401 , 542
305 , 426
442 , 828
267 , 941
160 , 397
90 , 62
412 , 565
372 , 902
42 , 860
433 , 669
424 , 608
445 , 609
126 , 468
558 , 129
446 , 743
150 , 993
207 , 809
457 , 814
152 , 621
474 , 107
27 , 647
571 , 483
57 , 668
531 , 282
584 , 739
182 , 920
384 , 904
334 , 430
520 , 644
215 , 268
564 , 411
339 , 74
432 , 396
461 , 610
220 , 135
418 , 794
581 , 953
49 , 321
566 , 749
591 , 387
0 , 816
436 , 953
334 , 22
253 , 984
194 , 808
422 , 212
35 , 806
558 , 397
454 , 28
328 , 74
182 , 393
599 , 977
509 , 961
494 , 529
390 , 805
193 , 993
21 , 695
511 , 156
30 , 981
306 , 258
471 , 821
18 , 403
361 , 250
45 , 423
344 , 414
225 , 662
148 , 148
586 , 833
260 , 883
98 , 614
183 , 627
295 , 367
365 , 408
237 , 420
512 , 372
482 , 307
60 , 389
567 , 533
387 , 457
456 , 389
412 , 43
562 , 104
241 , 934
263 , 942
321 , 305
195 , 979
261 , 677
457 , 347
524 , 251
390 , 932
36 , 642
273 , 446
3 , 791
195 , 880
314 , 78
340 , 180
468 , 257
356 , 398
180 , 635
248 , 135
572 , 125
451 , 472
247 , 182
406 , 533
415 , 999
346 , 452
27 , 952
395 , 895
186 , 225
395 , 704
421 , 358
511 , 762
17 , 530
545 , 257
539 , 925
84 , 650
27 , 219
596 , 823
371 , 425
439 , 673
77 , 258
395 , 318
259 , 927
55 , 65
154 , 20
378 , 837
458 , 612
249 , 707
174 , 419
63 , 24
567 , 28
436 , 651
311 , 23
101 , 187
422 , 925
395 , 129
572 , 329
0 , 579
358 , 438
6 , 726
245 , 618
83 , 753
199 , 534
189 , 54
185 , 534
218 , 165
449 , 55
229 , 353
250 , 237
417 , 911
323 , 438
250 , 273
471 , 307
398 , 942
464 , 745
460 , 461
145 , 394
73 , 532
317 , 509
483 , 953
7 , 783
358 , 851
120 , 500
199 , 140
209 , 801
462 , 807
15 , 657
279 , 309
8 , 943
372 , 624
591 , 460
48 , 458
72 , 85
522 , 186
94 , 80
256 , 823
444 , 607
382 , 648
321 , 126
297 , 73
167 , 864
464 , 961
546 , 280
93 , 881
420 , 162
477 , 933
119 , 620
28 , 77
476 , 601
423 , 70
214 , 658
222 , 727
170 , 999
353 , 614
514 , 664
15 , 777
455 , 166
517 , 164
492 , 670
242 , 197
207 , 999
473 , 671
190 , 219
136 , 141
581 , 114
484 , 927
464 , 857
3 , 742
291 , 116
478 , 438
93 , 481
487 , 722
468 , 853
77 , 513
65 , 358
596 , 154
309 , 966
324 , 648
593 , 893
146 , 882
180 , 575
203 , 166
2 , 645
507 , 698
362 , 273
78 , 484
598 , 279
284 , 898
46 , 254
269 , 218
160 , 601
17 , 766
157 , 781
240 , 774
13 , 558
314 , 134
567 , 130
468 , 616
184 , 384
344 , 606
87 , 214
273 , 954
250 , 256
352 , 108
246 , 594
552 , 999
495 , 586
58 , 594
413 , 923
93 , 734
109 , 240
542 , 936
527 , 871
244 , 57
528 , 566
89 , 875
482 , 457
47 , 457
110 , 351
351 , 649
271 , 727
520 , 712
177 , 483
415 , 987
585 , 609
479 , 33
405 , 62
467 , 106
360 , 304
583 , 203
554 , 778
192 , 333
585 , 32
375 , 557
110 , 844
418 , 306
146 , 177
25 , 843
523 , 75
60 , 879
540 , 920
536 , 323
131 , 110
151 , 263
100 , 51
419 , 495
139 , 482
163 , 563
245 , 207
322 , 967
506 , 354
474 , 701
82 , 687
146 , 200
151 , 977
503 , 74
12 , 468
155 , 264
594 , 137
149 , 557
257 , 468
173 , 117
119 , 978
34 , 271
340 , 685
365 , 683
423 , 326
158 , 87
525 , 348
589 , 166
422 , 796
357 , 246
401 , 961
220 , 675
412 , 367
84 , 658
429 , 74
284 , 244
579 , 120
200 , 869
479 , 753
184 , 877
29 , 857
264 , 695
140 , 937
388 , 56
120 , 545
357 , 41
2 , 619
359 , 418
313 , 483
534 , 378
9 , 480
26 , 258
